12	8	8	6	4	8
9	11	12	8	7	10
17	16	15	12	12	17	3

11	8	1	0	1	3
13	4	4	8	2	6
20	14	11	9	5	8	2

12	4	3	1	1	3
12	3	4	2	2	6
14	7	12	9	5	7	0

9	2	2	3	1	3
9	7	3	2	2	8
11	9	8	11	3	10	0

6	2	0	2	2	8
7	3	4	4	1	10
11	7	6	6	7	11	2

11	4	3	4	5	3
15	4	5	11	4	2
16	10	8	15	8	9	3



11	13	10	10	9	15
10	9	8	6	4	7
12	15	15	12	12	17	2

14	6	2	9	6	11
12	5	1	0	0	3
19	8	4	9	5	8	1

14	5	4	1	9	7
10	3	3	2	0	3
12	4	4	3	2	6	0

10	8	1	3	3	10
8	1	1	2	1	5
9	7	2	4	1	9	0

8	4	2	3	4	9
6	1	0	1	2	6
7	3	4	4	2	1

13	6	6	9	11	6
9	3	2	4	3	5
13	5	7	11	6	3	2



20	18	13	9	9	15
16	11	10	6	5	10
10	13	9	6	4	6	3

24	16	5	9	6	11
15	12	2	4	3	6
18	6	1	1	0	3	1

19	8	8	6	7	9
15	4	5	1	4	7
11	3	6	2	0	3	0

14	11	7	7	7	12
11	9	2	5	2	10
9	1	3	6	1	5	0

13	4	5	4	9	15
9	2	2	1	2	8
6	1	0	2	3	7	2

20	8	7	13	11	12
14	5	5	10	9	5
9	5	3	4	4	4	4

4	2	0	0	2	3
3	1	0	0	0	2
4	3	1	0	2	4	3

8	7	4	4	5	5
7	4	3	3	2	5
10	6	6	6	3	4	2

